499
499
499
499
498
499
498
499
499
499
498
497
499
498
497
496
495
494
499
498
497
496
495
494
493
492
499
498
497
496
495
494
493
492
491
490
489
499
498
497
496
495
494
493
492
491
490
489
488
487
499
498
497
496
495
494
493
492
491
490
489
488
487
486
485
484
483
482
481
480
480
479
478
477
476
475
474
473
472
471
470
469
468
467
466
465
499
498
497
496
495
494
493
492
491
490
489
488
487
486
485
484
483
482
481
480
479
478
477
499
498
497
496
495
494
493
493
492
495
494
493
492
492
499
498
497
499
498
497
496
499
498
497
496
495
494
493
495
494
499
498
497
499
498
497
496
499
498
497
496
499
499
498
499
498
499
499
498
497
496
499
499
498
499
499
499
499
499
498
497
496
495
499
498
497
496
499
498
497
499
498
497
496
495
494
493
499
499
499
499
499
498
497
496
495
494
499
498
499
499
498
499
498
497
496
495
494
493
496
495
494
493
492
491
490
489
488
499
498
497
496
499
498
497
499
499
499
498
497
496
495
499
498
497
496
495
494
493
492
491
490
489
488
488
487
486
485
484
483
482
499
498
497
496
495
494
493
492
491
490
489
488
487
489
488
487
486
485
484
483
499
498
497
496
495
494
493
492
491
490
489
488
499
498
497
496
495
494
493
492
491
490
489
488
487
486
485
484
483
482
483
482
481
499
498
497
496
495
494
493
492
491
490
489
488
487
486
485
484
483
482
481
480
479
478
477
476
475
474
473
472
471
470
469
468
467
466
465
464
463
462
461
460
472
471
470
469
468
467
466
465
464
463
462
461
460
459
458
457
456
455
454
453
452
451
450
449
448
447
446
445
444
443
442
441
440
439
438
437
436
435
434
433
432
437
436
435
434
434
433
432
431
430
429
428
427
426
425
424
423
422
421
420
419
418
417
416
415
414
413
412
411
410
409
408
407
406
405
404
403
407
406
405
404
403
404
403
402
401
400
399
398
397
396
395
394
393
392
391
390
389
388
387
499
498
497
496
495
494
493
492
491
490
489
488
487
486
485
484
483
499
498
497
496
495
494
493
492
491
499
498
497
496
499
498
498
497
499
498
499
498
499
498
499
498
499
498
497
499
499
499
498
497
496
499
498
499
498
499
499
499
499
499
498
498
497
496
499
498
497
499
498
499
499
498
499
499
499
498
499
498
497
496
495
494
499
498
497
499
498
497
496
499
498
497
496
495
494
493
492
491
490
489
488
487
486
499
498
497
496
495
494
493
492
491
490
489
488
499
498
497
496
495
494
493
492
491
490
489
488
487
486
485
484
483
482
481
480
480
479
478
477
483
482
481
480
479
478
478
499
498
497
496
495
494
493
499
498
497
496
499
498
499
498
497
499
499
498
497
496
495
494
493
492
497
499
498
497
499
499
498
497
496
496
495
499
498
497
497
496
495
499
498
497
499
498
499
498
499
498
497
496
495
494
493
499
498
497
496
499
499
498
499
499
498
499
498
497
499
498
499
499
498
499
499
499
499
499
498
497
499
498
499
498
497
499
499
499
499
498
497
496
499
498
497
496
495
494
493
496
495
494
493
499
498
497
496
495
494
493
492
491
490
489
488
499
498
497
496
495
494
493
492
499
498
497
496
499
498
497
499
498
499
498
499
498
497
499
498
497
496
495
494
493
492
491
490
489
488
487
486
485
484
483
482
481
480
479
478
477
476
475
474
473
472
471
470
485
484
483
482
481
499
498
497
499
498
497
496
495
494
499
498
497
496
495
494
493
492
491
490
489
488
487
486
485
484
483
482
481
480
479
478
477
476
475
474
473
472
471
499
498
497
496
495
494
493
492
491
490
489
488
487
489
488
487
486
485
484
483
482
481
480
479
478
477
476
475
474
473
472
471
470
469
468
467
466
465
464
463
467
466
465
464
463
462
461
460
459
458
457
456
455
454
453
452
451
450
449
448
499
498
497
496
495
494
493
492
491
490
492
491
490
489
488
487
486
485
484
483
482
481
480
479
478
477
476
475
474
473
472
471
471
470
469
468
467
466
465
464
463
462
461
460
459
458
457
456
455
454
453
452
451
450
449
448
447
446
445
444
443
442
441
440
439
438
437
436
435
434
433
432
431
430
429
428
427
426
425
424
423
426
425
424
423
422
421
420
419
434
433
432
431
430
429
428
427
426
425
424
423
422
421
420
419
418
417
416
415
414
413
412
411
410
409
408
408
407
406
405
404
403
499
498
497
499
499
498
497
499
498
499
499
499
498
499
499
499
499
498
499
499
499
498
499
499
498
499
498
497
499
499
498
497
496
499
498
499
498
497
499
498
499
498
497
496
495
494
499
498
497
496
495
494
493
492
491
499
498
497
496
495
499
498
497
499
498
497
496
499
498
497
496
495
494
493
492
491
499
498
497
496
495
494
493
492
491
490
489
488
487
499
498
497
496
495
494
493
492
499
498
497
496
495
494
493
492
499
498
497
496
495
494
493
499
498
497
496
495
499
498
497
496
499
499
498
497
496
495
494
493
499
498
497
496
495
494
493
493
492
491
499
498
497
496
499
498
499
498
497
496
499
499
499
498
497
499
498
497
499
499
499
499
498
498
497
499
499
498
499
499
498
497
496
495
494
493
499
499
498
497
499
499
498
497
496
495
494
499
498
497
499
499
498
499
499
498
497
499
498
497
496
495
494
493
499
498
497
496
495
499
498
497
496
495
494
493
492
491
490
489
488
487
486
485
484
483
482
481
480
479
478
499
498
499
499
498
497
496
495
499
498
497
496
495
494
499
498
497
496
495
494
493
499
498
497
496
495
494
493
499
498
497
496
495
494
493
492
491
490
489
488
487
486
485
484
483
482
481
480
479
478
477
476
475
474
473
472
471
470
469
468
467
466
465
464
463
499
498
497
496
495
494
499
498
497
496
499
498
497
496
499
498
497
496
495
499
498
497
496
495
494
499
499
498
497
496
495
494
493
492
491
490
489
496
495
494
493
499
498
497
496
499
498
497
496
499
498
497
496
495
494
493
492
491
490
499
498
497
496
495
494
493
492
491
490
489
488
487
486
485
484
483
482
481
480
499
498
497
496
495
494
493
492
491
490
489
488
487
486
485
484
483
482
481
480
479
499
498
497
496
495
494
493
492
491
490
489
488
487
486
485
484
483
482
481
480
479
478
477
476
475
474
473
472
471
470
469
468
467
466
465
464
463
462
461
460
459
458
457
456
455
499
498
497
496
495
494
493
492
491
490
489
488
487
486
485
484
483
482
481
480
479
478
477
476
475
474
473
472
471
470
469
468
479
478
477
476
475
474
473
475
474
473
472
471
470
469
468
467
468
470
469
468
467
466
499
499
498
497
499
499
498
499
498
497
499
499
499
498
499
498
499
498
497
499
498
499
499
499
499
499
499
498
499
498
497
499
499
499
498
497
496
499
498
497
496
495
499
498
497
496
495
494
493
492
491
499
498
497
496
495
494
493
492
499
498
497
496
499
498
497
496
495
494
499
498
499
498
497
496
495
494
499
498
497
496
495
494
493
492
499
498
497
496
495
494
493
499
498
497
496
499
498
499
498
497
499
498
497
496
495
494
493
499
498
497
496
495
499
498
497
496
495
499
498
499
498
497
496
495
496
495
494
499
498
497
496
495
494
493
492
491
499
498
497
497
496
495
494
493
492
499
498
497
496
495
494
493
492
499
498
499
499
498
497
499
499
498
499
498
499
499
498
499
499
498
497
499
498
497
499
498
497
496
499
498
499
499
498
499
499
499
499
499
499
498
499
498
497
496
499
499
498
497
496
499
498
497
496
495
497
496
499
498
497
496
495
494
493
499
498
497
496
495
494
493
492
491
490
499
498
497
496
495
499
499
499
499
499
499
498
497
496
499
498
497
499
498
497
496
495
499
498
497
496
495
494
493
495
494
493
492
491
490
499
498
497
496
495
499
498
497
496
495
494
493
499
498
497
496
495
494
493
492
491
499
498
497
499
498
497
496
495
499
498
497
496
495
494
493
492
491
490
489
499
498
497
496
496
495
494
493
492
491
499
498
497
496
499
498
497
496
499
498
497
496
495
494
499
498
497
496
495
494
493
492
491
499
498
497
496
495
494
493
492
491
499
498
497
496
495
494
498
497
496
495
494
493
492
491
490
489
493
492
491
490
489
488
487
486
485
484
483
482
481
492
491
490
489
488
487
486
485
484
483
482
481
480
479
492
491
490
489
488
487
486
485
499
498
497
499
498
497
496
495
494
493
499
498
497
496
495
494
493
492
499
498
497
496
495
494
493
492
491
490
489
488
487
486
485
484
483
499
498
497
496
495
494
493
499
498
497
496
495
499
498
497
496
495
494
493
492
491
490
489
488
487
486
485
484
483
482
481
480
479
478
477
476
475
474
473
472
471
470
469
468
499
498
497
496
495
494
493
492
491
490
489
488
487
486
485
484
483
482
481
480
479
478
477
476
475
474
473
472
471
470
469
468
467
466
465
464
499
498
497
499
498
499
499
499
498
499
498
497
499
499
498
499
499
499
498
497
496
495
494
493
492
491
490
489
488
487
486
489
499
498
497
497
496
499
498
497
496
499
498
497
496
495
494
493
499
498
499
498
499
499
498
497
496
495
493
494
491
490
489
488
487
486
485
484
483
482
481
480
479
478
477
476
475
474
473
472
471
470
469
468
467
466
465
464
463
462
461
460
459
458
457
456
455
454
453
452
451
450
449
448
447
446
492
484
490
489
490
499
499
499
498
497
496
497
499
499
499
499
499
498
497
496
496
495
494
493
492
493
492
491
491
490
499
499
499
498
499
498
497
496
495
498
498
497
496
495
494
494
493
492
491
494
493
496
499
499
498
499
498
497
497
496
495
499
498
499
499
499
499
499
499
498
499
498
499
499
499
498
497
498
499
498
498
498
499
499
498
497
497
496
496
495
494
493
492
491
491
490
491
490
496
495
495
494
493
492
491
490
489
489
488
487
486
485
486
485
484
484
484
483
482
481
481
480
480
479
479
481
499
499
498
497
498
497
499
498
497
498
498
497
496
496
495
494
493
492
491
490
489
490
495
494
493
492
491
493
492
491
490
491
491
490
490
489
488
487
486
485
484
484
484
483
482
482
481
481
480
479
478
499
498
497
496
498
498
497
496
495
494
496
495
494
493
493
492
491
490
489
488
487
486
485
484
487
488
487
486
485
485
484
483
483
482
481
481
481
480
479
478
481
480
479
479
478
477
476
475
474
473
472
471
470
469
468
467
466
465
464
463
462
461
460
459
458
457
456
455
454
454
453
452
452
451
450
449
448
447
446
445
444
443
442
441
442
441
440
439
438
437
436
435
434
433
432
431
430
429
428
428
427
426
425
424
423
422
421
420
419
418
417
417
416
415
414
413
418
417
416
415
414
413
412
411
410
409
408
407
406
405
405
404
404
410
409
411
410
409
408
408
407
406
405
406
405
404
403
402
401
400
399
398
397
396
395
394
394
393
392
391
390
389
388
387
387
386
385
384
383
382
381
380
379
378
377
376
375
374
373
372
371
370
369
368
367
366
365
364
363
362
361
360
368
367
366
365
364
363
362
361
360
359
358
357
356
355
354
353
352
351
350
349
348
347
346
346
345
344
343
342
341
341
340
339
339
338
337
336
337
338
339
347
351
357
499
498
499
499
498
497
497
498
497
496
495
497
497
497
497
499
498
497
496
495
494
493
492
491
490
489
488
487
486
485
484
483
482
481
480
479
478
477
476
475
474
473
472
471
470
469
468
467
466
465
464
463
462
461
460
459
458
457
456
455
454
453
452
451
450
449
448
447
446
445
444
443
442
441
440
439
438
437
436
435
434
433
432
431
430
429
428
427
426
425
424
423
422
421
420
419
418
499
498
497
496
495
494
499
498
497
496
495
494
493
492
491
490
489
488
487
486
485
484
483
482
481
480
479
478
477
476
475
474
473
472
471
470
469
468
467
499
498
497
496
495
494
493
499
498
499
499
498
499
498
497
496
495
494
493
492
491
490
489
488
487
486
499
498
499
498
499
499
498
499
498
499
499
499
499
498
499
498
499
499
498
497
499
499
499
498
499
498
497
496
495
499
499
499
499
499
499
498
499
498
497
499
499
498
497
496
499
498
497
496
499
498
497
496
495
494
493
492
499
498
497
496
495
494
493
492
491
490
489
488
487
486
485
499
498
497
496
496
495
494
499
499
498
497
499
499
498
497
499
498
497
499
498
497
496
499
498
497
499
499
499
498
499
499
499
499
498
497
496
499
499
499
498
499
498
499
499
499
498
499
498
499
499
498
499
498
497
496
499
499
498
497
499
499
498
499
498
497
496
499
498
497
496
495
494
499
498
497
496
495
494
493
492
491
499
498
499
498
497
496
499
498
497
497
496
499
498
497
496
499
498
499
498
497
499
499
498
497
496
499
498
497
496
495
494
493
499
498
497
496
495
499
498
497
499
499
498
499
498
497
496
499
499
498
497
499
498
497
499
498
497
496
495
494
493
499
498
499
498
499
499
499
499
498
497
496
499
499
499
498
497
499
498
497
496
499
499
498
497
496
499
498
497
496
495
499
498
497
496
499
499
498
497
499
498
497
496
495
494
493
492
491
499
498
497
499
498
497
499
499
498
499
498
499
498
497
496
495
494
499
498
497
499
498
497
496
495
499
498
497
496
499
498
497
499
499
498
499
498
497
496
499
498
499
498
497
496
495
494
493
492
499
499
498
497
496
499
498
497
496
495
494
493
492
499
498
497
496
495
494
493
492
499
498
497
496
495
499
498
499
498
499
498
497
496
499
498
497
496
495
494
499
498
497
499
498
497
499
498
499
498
497
499
499
498
497
499
499
498
497
496
499
498
497
499
498
497
496
499
498
497
496
495
494
499
498
497
496
495
494
499
499
498
497
496
495
499
498
497
496
495
494
493
492
499
499
499
499
499
499
498
497
496
495
494
493
499
498
497
496
495
499
498
497
496
499
498
497
499
498
497
496
495
494
493
499
498
499
498
497
496
495
494
499
498
497
496
495
494
493
492
491
499
499
498
499
498
499
498
499
499
498
497
496
495
494
493
492
499
498
497
496
495
499
498
499
498
499
498
497
499
498
497
496
499
498
499
498
497
496
495
494
499
498
497
496
499
498
497
499
498
499
498
497
496
495
499
499
499
499
498
499
499
499
498
497
499
499
499
499
499
498
499
499
499
499
498
497
499
498
499
499
498
499
498
497
496
495
499
499
498
497
496
495
494
499
498
497
499
498
497
496
499
498
497
496
495
494
493
499
498
497
499
499
498
499
498
497
496
499
498
497
496
495
494
499
498
497
496
499
499
499
498
497
499
498
497
496
499
499
499
499
498
499
498
497
499
498
499
499
499
499
499
499
499
499
498
499
498
497
499
499
498
497
499
499
499
499
498
499
499
498
499
498
499
498
499
499
499
499
499
498
497
499
498
497
499
499
499
498
497
496
495
494
499
498
497
499
498
497
496
499
498
497
499
498
497
496
495
499
498
497
496
499
499
498
499
498
497
499
498
497
496
499
498
499
498
497
496
495
494
493
492
491
490
489
488
499
498
499
498
497
499
499
498
497
499
498
497
496
499
498
499
499
498
497
499
499
498
497
499
498
497
496
495
494
499
498
499
498
499
499
498
499
499
499
498
497
496
495
494
499
498
499
498
497
499
498
497
499
498
497
496
499
498
499
499
498
498
497
496
495
494
493
492
491
499
498
497
499
498
497
496
499
498
499
499
499
498
497
499
498
497
499
498
499
499
498
497
499
498
497
496
495
494
493
499
498
497
496
495
499
498
497
499
498
497
496
495
494
493
492
499
498
497
496
495
494
493
499
498
497
496
495
499
498
497
496
495
499
499
498
497
496
495
494
499
498
497
496
499
498
497
496
495
494
493
499
498
497
499
498
497
496
495
494
493
492
491
499
499
498
497
499
498
497
496
495
494
493
499
499
499
498
499
498
497
496
499
498
499
498
497
496
499
498
497
499
498
497
496
499
498
497
499
498
497
499
498
497
496
495
494
493
492
499
499
498
497
499
498
497
499
499
498
497
499
498
497
499
498
497
499
498
497
499
498
497
496
495
499
499
498
499
498
497
496
499
498
497
496
495
494
499
499
498
497
496
495
494
493
499
498
497
499
499
498
499
498
497
496
495
499
498
499
498
497
496
499
498
497
496
495
499
498
499
498
497
496
495
494
493
499
498
499
498
499
498
499
499
498
497
496
495
494
493
492
491
499
498
497
499
498
499
498
497
499
498
499
498
499
498
499
498
499
498
497
496
499
498
499
498
497
499
499
499
498
499
498
499
499
499
499
499
499
498
499
499
498
499
498
499
498
497
499
499
499
498
499
498
499
498
497
499
498
497
496
499
498
497
496
495
494
493
499
498
497
496
495
494
499
498
497
496
495
499
498
497
496
499
498
497
496
499
498
497
496
499
499
498
497
499
499
498
497
499
498
497
499
498
497
499
498
497
499
498
499
499
498
499
499
499
499
498
499
498
497
499
498
499
499
499
498
497
499
498
499
499
498
499
499
498
499
498
497
496
499
498
497
496
499
498
497
496
495
494
499
498
499
499
498
497
496
499
498
497
496
499
498
497
499
498
497
496
495
499
499
498
499
498
497
499
498
499
499
498
497
496
495
499
498
499
499
498
497
499
498
497
496
495
499
498
497
499
498
497
499
499
499
498
499
498
499
498
497
499
499
498
497
496
499
498
499
498
497
499
498
497
496
495
494
493
499
499
498
497
499
498
499
498
499
498
499
498
499
499
499
498
499
498
497
496
495
499
498
499
498
499
498
497
499
499
499
498
499
499
498
497
499
498
497
496
495
494
493
499
498
497
496
499
499
499
498
497
496
495
499
498
497
499
499
498
497
496
499
499
498
499
499
498
497
499
498
497
496
495
494
493
499
498
497
496
499
498
497
496
495
494
493
492
491
499
498
499
498
497
499
498
497
496
499
498
497
496
495
494
493
499
498
497
496
495
494
493
492
491
490
489
488
487
486
485
484
483
482
481
480
499
498
497
496
495
494
493
492
499
498
497
496
495
494
499
499
498
497
499
499
499
499
499
498
497
496
499
498
497
496
498
499
499
498
499
498
497
496
495
499
498
497
496
495
499
498
497
496
495
494
499
498
497
499
498
499
498
499
498
497
499
499
498
499
498
497
496
499
498
497
496
499
498
497
496
495
494
493
499
498
497
496
495
494
499
498
497
496
495
499
498
497
499
498
499
498
497
496
499
498
497
496
495
499
498
499
499
498
497
496
499
499
498
497
496
495
494
499
498
497
496
495
499
498
497
496
495
499
499
499
498
497
496
495
494
493
499
498
497
499
499
498
497
499
498
497
496
495
494
499
498
499
498
497
499
498
497
496
495
499
499
499
499
498
497
496
499
499
498
497
499
498
499
498
499
498
497
496
499
499
498
497
499
499
498
499
499
499
498
497
499
498
499
498
499
498
497
496
499
499
499
498
499
498
497
499
498
497
499
498
497
496
495
499
499
498
497
499
499
499
498
497
496
495
494
493
492
499
498
499
498
497
499
499
498
497
499
498
497
499
498
497
499
498
497
496
499
499
498
497
496
495
499
498
497
499
499
499
498
497
496
495
494
499
499
498
497
499
498
497
499
498
497
499
499
498
497
496
499
498
499
499
499
498
497
499
498
497
496
499
498
497
499
498
499
499
498
497
496
495
499
499
499
499
498
497
496
499
498
499
498
497
499
498
497
499
498
497
499
498
499
498
499
498
497
499
498
497
496
499
499
498
497
499
498
499
498
497
496
495
494
499
498
497
496
499
498
497
496
495
494
499
498
499
499
498
497
496
495
499
498
499
498
499
499
498
499
498
499
498
497
496
499
498
497
499
499
499
498
499
498
497
496
495
499
499
498
499
498
499
498
497
496
495
499
498
499
498
499
498
497
499
498
497
496
495
494
493
499
498
497
496
495
499
499
499
499
499
498
497
496
495
494
499
498
497
499
498
497
499
499
498
497
499
498
497
496
495
494
493
492
499
499
498
497
496
495
494
499
498
497
496
495
494
493
499
498
497
496
499
498
497
496
495
494
499
498
497
496
495
499
498
499
498
497
499
498
499
498
499
498
497
496
495
494
499
498
497
496
495
494
493
492
499
498
497
496
495
494
493
492
499
498
497
496
495
494
493
492
493
492
491
490
489
488
487
486
485
484
483
482
481
480
479
478
477
476
475
474
473
472
471
470
469
468
467
466
465
464
463
462
461
460
459
458
457
456
455
454
453
452
451
450
449
448
447
446
445
444
443
442
441
440
439
438
437
436
435
434
433
432
431
430
429
428
427
426
425
424
423
422
421
420
419
418
417
416
415
414
413
412
411
410
409
408
407
406
405
404
403
402
401
400
399
398
397
396
395
394
393
392
391
390
389
388
387
386
385
384
383
382
381
380
379
378
377
376
375
374
373
372
371
370
369
368
367
366
365
364
363
362
361
360
359
358
357
356
355
354
353
352
351
350
349
348
347
346
345
344
343
342
341
340
339
338
337
336
335
334
333
332
331
330
329
328
327
326
325
324
323
322
321
320
319
318
317
316
315
314
313
312
311
310
309
308
307
306
305
304
303
302
301
300
299
298
297
296
295
294
293
292
291
290
289
288
287
286
285
284
283
282
281
280
279
278
277
276
275
274
273
272
271
270
269
268
267
266
265
264
263
262
261
260
259
258
257
256
255
254
253
252
251
250
249
248
247
246
245
244
243
242
241
240
239
238
237
236
235
234
233
232
231
230
229
228
227
226
225
224
223
222
221
220
219
218
217
216
215
214
213
212
211
210
209
208
207
206
205
204
203
202
201
200
199
198
197
196
195
194
193
192
191
190
189
188
187
186
185
184
183
182
181
180
179
178
177
176
175
174
173
172
171
170
169
168
167
166
165
164
163
162
161
160
159
158
157
156
155
154
153
152
151
150
149
148
147
146
145
144
143
142
141
140
139
138
137
136
135
134
133
132
131
130
129
128
127
126
125
124
123
122
121
120
119
118
117
116
115
114
113
112
111
110
109
108
107
106
105
104
103
102
101
100
99
98
97
96
95
94
93
92
91
90
89
88
87
86
85
84
83
82
81
80
79
78
77
76
75
74
73
72
71
70
69
68
67
66
65
64
63
62
61
60
59
58
57
56
55
54
53
52
51
50
49
48
47
46
45
44
43
42
41
40
39
38
37
36
35
34
33
32
31
30
29
28
27
26
25
24
23
22
21
20
19
18
17
16
15
14
13
12
11
10
9
8
7
6
5
4
3
2
1
0
