28205
28206
28207
28208
28209
28210
28211
28212
28213
28215
28216
28217
28218
28219
28220
28221
28222
28223
28225
28226
28227
28228
28229
28230
28231
28232
28233
28235
28236
28237
28238
28239
28250
28251
28252
28253
28255
28256
28257
28258
28259
28260
28261
28262
28263
28265
28266
28267
28268
28269
28270
28271
28272
28273
28275
28276
28277
28278
28279
28280
28281
28282
28283
28285
28286
28287
28288
28289
28290
28291
28292
28293
28295
28296
28297
28298
28299
28300
28301
28302
28303
28305
28306
28307
28308
28309
28310
28311
28312
28313
28315
28316
28317
28318
28319
28320
28321
28322
28323
28325
28326
28327
28328
28329
28330
28331
28332
28333
28335
28336
28337
28338
28339
28350
28351
28352
28353
28355
28356
28357
28358
28359
28360
28361
28362
28363
28365
28366
28367
28368
28369
28370
28371
28372
28373
28375
28376
28377
28378
28379
28380
28381
28382
28383
28385
28386
28387
28388
28389
28390
28391
28392
28393
28395
28396
28397
28398
28399
28500
28501
28502
28503
28505
28506
28507
28508
28509
28510
28511
28512
28513
28515
28516
28517
28518
28519
28520
28521
28522
28523
28525
28526
28527
28528
28529
28530
28531
28532
28533
28535
28536
28537
28538
28539
28550
28551
28552
28553
28555
28556
28557
28558
28559
28560
28561
28562
28563
28565
28566
28567
28568
28569
28570
28571
28572
28573
28575
28576
28577
28578
28579
28580
28581
28582
28583
28585
28586
28587
28588
28589
28590
28591
28592
28593
28595
28596
28597
28598
28599
28600
28601
28602
28603
28605
28606
28607
28608
28609
28610
28611
28612
28613
28615
28616
28617
28618
28619
28620
28621
28622
28623
28625
28626
28627
28628
28629
28630
28631
28632
28633
28635
28636
28637
28638
28639
28650
28651
28652
28653
28655
28656
28657
28658
28659
28660
28661
28662
28663
28665
28666
28667
28668
28669
28670
28671
28672
28673
28675
28676
28677
28678
28679
28680
28681
28682
28683
28685
28686
28687
28688
28689
28690
28691
28692
28693
28695
28696
28697
28698
28699
28700
28701
28702
28703
28705
28706
28707
28708
28709
28710
28711
28712
28713
28715
28716
28717
28718
28719
28720
28721
28722
28723
28725
28726
28727
28728
28729
28730
28731
28732
28733
28735
28736
28737
28738
28739
28750
28751
28752
28753
28755
28756
28757
28758
28759
28760
28761
28762
28763
28765
28766
28767
28768
28769
28770
28771
28772
28773
28775
28776
28777
28778
28779
28780
28781
28782
28783
28785
28786
28787
28788
28789
28790
28791
28792
28793
28795
28796
28797
28798
28799
28800
28801
28802
28803
28805
28806
28807
28808
28809
28810
28811
28812
28813
28815
28816
28817
28818
28819
28820
28821
28822
28823
28825
28826
28827
28828
28829
28830
28831
28832
28833
28835
28836
28837
28838
28839
28850
28851
28852
28853
28855
28856
28857
28858
28859
28860
28861
28862
28863
28865
28866
28867
28868
28869
28870
28871
28872
28873
28875
28876
28877
28878
28879
28880
28881
28882
28883
28885
28886
28887
28888
28889
28890
28891
28892
28893
28895
28896
28897
28898
28899
28900
28901
28902
28903
28905
28906
28907
28908
28909
28910
28911
28912
28913
28915
28916
28917
28918
28919
28920
28921
28922
28923
28925
28926
28927
28928
28929
28930
28931
28932
28933
28935
28936
28937
28938
28939
28950
28951
28952
28953
28955
28956
28957
28958
28959
28960
28961
28962
28963
28965
28966
28967
28968
28969
28970
28971
28972
28973
28975
28976
28977
28978
28979
28980
28981
28982
28983
28985
28986
28987
28988
28989
28990
28991
28992
28993
28995
28996
28997
28998
28999
29000
29001
29002
29003
29005
29006
29007
29008
29009
29010
29011
29012
29013
29015
29016
29017
29018
29019
29020
29021
29022
29023
29025
29026
29027
29028
29029
29030
29031
29032
29033
29035
29036
29037
29038
29039
29050
29051
29052
29053
29055
29056
29057
29058
29059
29060
29061
29062
29063
29065
29066
29067
29068
29069
29070
29071
29072
29073
29075
29076
29077
29078
29079
29080
29081
29082
29083
29085
29086
29087
29088
29089
29090
29091
29092
29093
29095
29096
29097
29098
29099
29100
29101
29102
29103
29105
29106
29107
29108
29109
29110
29111
29112
29113
29115
29116
29117
29118
29119
29120
29121
29122
29123
29125
29126
29127
29128
29129
29130
29131
29132
29133
29135
29136
29137
29138
29139
29150
29151
29152
29153
29155
29156
29157
29158
29159
29160
29161
29162
29163
29165
29166
29167
29168
29169
29170
29171
29172
29173
29175
29176
29177
29178
29179
29180
29181
29182
29183
29185
29186
29187
29188
29189
29190
29191
29192
29193
29195
29196
29197
29198
29199
29200
29201
29202
29203
29205
29206
29207
29208
29209
29210
29211
29212
29213
29215
29216
29217
29218
29219
29220
29221
29222
29223
29225
29226
29227
29228
29229
29230
29231
29232
29233
29235
29236
29237
29238
29239
29250
29251
29252
29253
29255
29256
29257
29258
29259
29260
29261
29262
29263
29265
29266
29267
29268
29269
29270
29271
29272
29273
29275
29276
29277
29278
29279
29280
29281
29282
29283
29285
29286
29287
29288
29289
29290
29291
29292
29293
29295
29296
29297
29298
29299
29300
29301
29302
29303
29305
29306
29307
29308
29309
29310
29311
29312
29313
29315
29316
29317
29318
29319
29320
29321
29322
29323
29325
29326
29327
29328
29329
29330
29331
29332
29333
29335
29336
29337
29338
29339
29350
29351
29352
29353
29355
29356
29357
29358
29359
29360
29361
29362
29363
29365
29366
29367
29368
29369
29370
29371
29372
29373
29375
29376
29377
29378
29379
29380
29381
29382
29383
29385
29386
29387
29388
29389
29390
29391
29392
29393
29395
29396
29397
29398
29399
29500
29501
29502
29503
29505
29506
29507
29508
29509
29510
29511
29512
29513
29515
29516
29517
29518
29519
29520
29521
29522
29523
29525
29526
29527
29528
29529
29530
29531
29532
29533
29535
29536
29537
29538
29539
29550
29551
29552
29553
29555
29556
29557
29558
29559
29560
29561
29562
29563
29565
29566
29567
29568
29569
29570
29571
29572
29573
29575
29576
29577
29578
29579
29580
29581
29582
29583
29585
29586
29587
29588
29589
29590
29591
29592
29593
29595
29596
29597
29598
29599
29600
29601
29602
29603
29605
29606
29607
29608
29609
29610
29611
29612
29613
29615
29616
29617
29618
29619
29620
29621
29622
29623
29625
29626
29627
29628
29629
29630
29631
29632
29633
29635
29636
29637
29638
29639
29650
29651
29652
29653
29655
29656
29657
29658
29659
29660
29661
29662
29663
29665
29666
29667
29668
29669
29670
29671
29672
29673
29675
29676
29677
29678
29679
29680
29681
29682
29683
29685
29686
29687
29688
29689
29690
29691
29692
29693
29695
29696
29697
29698
29699
29700
29701
29702
29703
29705
29706
29707
29708
29709
29710
29711
29712
29713
29715
29716
29717
29718
29719
29720
29721
29722
29723
29725
29726
29727
29728
29729
29730
29731
29732
29733
29735
29736
29737
29738
29739
29750
29751
29752
29753
29755
29756
29757
29758
29759
29760
29761
29762
29763
29765
29766
29767
29768
29769
29770
29771
29772
29773
29775
29776
29777
29778
29779
29780
29781
29782
29783
29785
29786
29787
29788
29789
29790
29791
29792
29793
29795
29796
29797
29798
29799
29800
29801
29802
29803
29805
29806
29807
29808
29809
29810
29811
29812
29813
29815
29816
29817
29818
29819
29820
29821
29822
29823
29825
29826
29827
29828
29829
29830
29831
29832
29833
29835
29836
29837
29838
29839
29850
29851
29852
29853
29855
29856
29857
29858
29859
29860
29861
29862
29863
29865
29866
29867
29868
29869
29870
29871
29872
29873
29875
29876
29877
29878
29879
29880
29881
29882
29883
29885
29886
29887
29888
29889
29890
29891
29892
29893
29895
29896
29897
29898
29899
29900
29901
29902
29903
29905
29906
29907
29908
29909
29910
29911
29912
29913
29915
29916
29917
29918
29919
29920
29921
29922
29923
29925
29926
29927
29928
29929
29930
29931
29932
29933
29935
29936
29937
29938
29939
29950
29951
29952
29953
29955
29956
29957
29958
29959
29960
29961
29962
29963
29965
29966
29967
29968
29969
29970
29971
29972
29973
29975
29976
29977
29978
29979
29980
29981
29982
29983
29985
29986
29987
29988
29989
29990
29991
29992
29993
29995
29996
29997
29998
29999
30000
30001
30002
30003
30005
30006
30007
30008
30009
30010
30011
30012
30013
30015
30016
30017
30018
30019
30020
30021
30022
30023
30025
30026
30027
30028
30029
30030
30031
30032
30033
30035
30036
30037
30038
30039
30050
30051
30052
30053
30055
30056
30057
30058
30059
30060
30061
30062
30063
30065
30066
30067
30068
30069
30070
30071
30072
30073
30075
30076
30077
30078
30079
30080
30081
30082
30083
30085
30086
30087
30088
30089
30090
30091
30092
30093
30095
30096
30097
30098
30099
30100
30101
30102
30103
30105
30106
30107
30108
30109
30110
30111
30112
30113
30115
30116
30117
30118
30119
30120
30121
30122
30123
30125
30126
30127
30128
30129
30130
30131
30132
30133
30135
30136
30137
30138
30139
30150
30151
30152
30153
30155
30156
30157
30158
30159
30160
30161
30162
30163
30165
30166
30167
30168
30169
30170
30171
30172
30173
30175
30176
30177
30178
30179
30180
30181
30182
30183
30185
30186
30187
30188
30189
30190
30191
30192
30193
30195
30196
30197
30198
30199
30200
30201
30202
30203
30205
30206
30207
30208
30209
30210
30211
30212
30213
30215
30216
30217
30218
30219
30220
30221
30222
30223
30225
30226
30227
30228
30229
30230
30231
30232
30233
30235
30236
30237
30238
30239
30250
30251
30252
30253
30255
30256
30257
30258
30259
30260
30261
30262
30263
30265
30266
30267
30268
30269
30270
30271
30272
30273
30275
30276
30277
30278
30279
30280
30281
30282
30283
30285
30286
30287
30288
30289
30290
30291
30292
30293
30295
30296
30297
30298
30299
30300
30301
30302
30303
30305
30306
30307
30308
30309
30310
30311
30312
30313
30315
30316
30317
30318
30319
30320
30321
30322
30323
30325
30326
30327
30328
30329
30330
30331
30332
30333
30335
30336
30337
30338
30339
30350
30351
30352
30353
30355
30356
30357
30358
30359
30360
30361
30362
30363
30365
30366
30367
30368
30369
30370
30371
30372
30373
30375
30376
30377
30378
30379
30380
30381
30382
30383
30385
30386
30387
30388
30389
30390
30391
30392
30393
30395
30396
30397
30398
30399
30500
30501
30502
30503
30505
30506
30507
30508
30509
30510
30511
30512
30513
30515
30516
30517
30518
30519
30520
30521
30522
30523
30525
30526
30527
30528
30529
30530
30531
30532
30533
30535
30536
30537
30538
30539
30550
30551
30552
30553
30555
30556
30557
30558
30559
30560
30561
30562
30563
30565
30566
30567
30568
30569
30570
30571
30572
30573
30575
30576
30577
30578
30579
30580
30581
30582
30583
30585
30586
30587
30588
30589
30590
30591
30592
30593
30595
30596
30597
30598
30599
30600
30601
30602
30603
30605
30606
30607
30608
30609
30610
30611
30612
30613
30615
30616
30617
30618
30619
30620
30621
30622
30623
30625
30626
30627
30628
30629
30630
30631
30632
30633
30635
30636
30637
30638
30639
30650
30651
30652
30653
30655
30656
30657
30658
30659
30660
30661
30662
30663
30665
30666
30667
30668
30669
30670
30671
30672
30673
30675
30676
30677
30678
30679
30680
30681
30682
30683
30685
30686
30687
30688
30689
30690
30691
30692
30693
30695
30696
30697
30698
30699
30700
30701
30702
30703
30705
30706
30707
30708
30709
30710
30711
30712
30713
30715
30716
30717
30718
30719
30720
30721
30722
30723
30725
30726
30727
30728
30729
30730
30731
30732
30733
30735
30736
30737
30738
30739
30750
30751
30752
30753
30755
30756
30757
30758
30759
30760
30761
30762
30763
30765
30766
30767
30768
30769
30770
30771
30772
30773
30775
30776
30777
30778
30779
30780
30781
30782
30783
30785
30786
30787
30788
30789
30790
30791
30792
30793
30795
30796
30797
30798
30799
30800
30801
30802
30803
30805
30806
30807
30808
30809
30810
30811
30812
30813
30815
30816
30817
30818
30819
30820
30821
30822
30823
30825
30826
30827
30828
30829
30830
30831
30832
30833
30835
30836
30837
30838
30839
30850
30851
30852
30853
30855
30856
30857
30858
30859
30860
30861
30862
30863
30865
30866
30867
30868
30869
30870
30871
30872
30873
30875
30876
30877
30878
30879
30880
30881
30882
30883
30885
30886
30887
30888
30889
30890
30891
30892
30893
30895
30896
30897
30898
30899
30900
30901
30902
30903
30905
30906
30907
30908
30909
30910
30911
30912
30913
30915
30916
30917
30918
30919
30920
30921
30922
30923
30925
30926
30927
30928
30929
30930
30931
30932
30933
30935
30936
30937
30938
30939
30950
30951
30952
30953
30955
30956
30957
30958
30959
30960
30961
30962
30963
30965
30966
30967
30968
30969
30970
30971
30972
30973
30975
30976
30977
30978
30979
30980
30981
30982
30983
30985
30986
30987
30988
30989
30990
30991
30992
30993
30995
30996
30997
30998
30999
31000
31001
31002
31003
31005
31006
31007
31008
31009
31010
31011
31012
31013
31015
31016
31017
31018
31019
31020
31021
31022
31023
31025
31026
31027
31028
31029
31030
31031
31032
31033
31035
31036
31037
31038
31039
31050
31051
31052
31053
31055
31056
31057
31058
31059
31060
31061
31062
31063
31065
31066
31067
31068
31069
31070
31071
31072
31073
31075
31076
31077
31078
31079
31080
31081
31082
31083
31085
31086
31087
31088
31089
31090
31091
31092
31093
31095
31096
31097
31098
31099
31100
31101
31102
31103
31105
31106
31107
31108
31109
31110
31111
31112
31113
31115
31116
31117
31118
31119
31120
31121
31122
31123
31125
31126
31127
31128
31129
31130
31131
31132
31133
31135
31136
31137
31138
31139
31150
31151
31152
31153
31155
31156
31157
31158
31159
31160
31161
31162
31163
31165
31166
31167
31168
31169
31170
31171
31172
31173
31175
31176
31177
31178
31179
31180
31181
31182
31183
31185
31186
31187
31188
31189
31190
31191
31192
31193
31195
31196
31197
31198
31199
31200
31201
31202
31203
31205
31206
31207
31208
31209
31210
31211
31212
31213
31215
31216
31217
31218
31219
31220
31221
31222
31223
31225
31226
31227
31228
31229
31230
31231
31232
31233
31235
31236
31237
31238
31239
31250
31251
31252
31253
31255
31256
31257
31258
31259
31260
31261
31262
31263
31265
31266
31267
31268
31269
31270
31271
31272
31273
31275
31276
31277
31278
31279
31280
31281
31282
31283
31285
31286
31287
31288
31289
31290
31291
31292
31293
31295
31296
31297
31298
31299
31300
31301
31302
31303
31305
31306
31307
31308
31309
31310
31311
31312
31313
31315
31316
31317
31318
31319
31320
31321
31322
31323
31325
31326
31327
31328
31329
31330
31331
31332
31333
31335
31336
31337
31338
31339
31350
31351
31352
31353
31355
31356
31357
31358
31359
31360
31361
31362
31363
31365
31366
31367
31368
31369
31370
31371
31372
31373
31375
31376
31377
31378
31379
31380
31381
31382
31383
31385
31386
31387
31388
31389
31390
31391
31392
31393
31395
31396
31397
31398
31399
31500
31501
31502
31503
31505
31506
31507
31508
31509
31510
31511
31512
31513
31515
31516
31517
31518
31519
31520
31521
31522
31523
31525
31526
31527
31528
31529
31530
31531
31532
31533
31535
31536
31537
31538
31539
31550
31551
31552
31553
31555
31556
31557
31558
31559
31560
31561
31562
31563
31565
31566
31567
31568
31569
31570
31571
31572
31573
31575
31576
31577
31578
31579
31580
31581
31582
31583
31585
31586
31587
31588
31589
31590
31591
31592
31593
31595
31596
31597
31598
31599
31600
31601
31602
31603
31605
31606
31607
31608
31609
31610
31611
31612
31613
31615
31616
31617
31618
31619
31620
31621
31622
31623
31625
31626
31627
31628
31629
31630
31631
31632
31633
31635
31636
31637
31638
31639
31650
31651
31652
31653
31655
31656
31657
31658
31659
31660
31661
31662
31663
31665
31666
31667
31668
31669
31670
31671
31672
31673
31675
31676
31677
31678
31679
31680
31681
31682
31683
31685
31686
31687
31688
31689
31690
31691
31692
31693
31695
31696
31697
31698
31699
31700
31701
31702
31703
31705
31706
31707
31708
31709
31710
31711
31712
31713
31715
31716
31717
31718
31719
31720
31721
31722
31723
31725
31726
31727
31728
31729
31730
31731
31732
31733
31735
31736
31737
31738
31739
31750
31751
31752
31753
31755
31756
31757
31758
31759
31760
31761
31762
31763
31765
31766
31767
31768
31769
31770
31771
31772
31773
31775
31776
31777
31778
31779
31780
31781
31782
31783
31785
31786
31787
31788
31789
31790
31791
31792
31793
31795
31796
31797
31798
31799
31800
31801
31802
31803
31805
31806
31807
31808
31809
31810
31811
31812
31813
31815
31816
31817
31818
31819
31820
31821
31822
31823
31825
31826
31827
31828
31829
31830
31831
31832
31833
31835
31836
31837
31838
31839
31850
31851
31852
31853
31855
31856
31857
31858
31859
31860
31861
31862
31863
31865
31866
31867
31868
31869
31870
31871
31872
31873
31875
31876
31877
31878
31879
31880
31881
31882
31883
31885
31886
31887
31888
31889
31890
31891
31892
31893
31895
31896
31897
31898
31899
31900
31901
31902
31903
31905
31906
31907
31908
31909
31910
31911
31912
31913
31915
31916
31917
31918
31919
31920
31921
31922
31923
31925
31926
31927
31928
31929
31930
31931
31932
31933
31935
31936
31937
31938
31939
31950
31951
31952
31953
31955
31956
31957
31958
31959
31960
31961
31962
31963
31965
31966
31967
31968
31969
31970
31971
31972
31973
31975
31976
31977
31978
31979
31980
31981
31982
31983
31985
31986
31987
31988
31989
31990
31991
31992
31993
31995
31996
31997
31998
31999
32000
32001
32002
32003
32005
32006
32007
32008
32009
32010
32011
32012
32013
32015
32016
32017
32018
32019
32020
32021
32022
32023
32025
32026
32027
32028
32029
32030
32031
32032
32033
32035
32036
32037
32038
32039
32050
32051
32052
32053
32055
32056
32057
32058
32059
32060
32061
32062
32063
32065
32066
32067
32068
32069
32070
32071
32072
32073
32075
32076
32077
32078
32079
32080
32081
32082
32083
32085
32086
32087
32088
32089
32090
32091
32092
32093
32095
32096
32097
32098
32099
32100
32101
32102
32103
32105
32106
32107
32108
32109
32110
32111
32112
32113
32115
32116
32117
32118
32119
32120
32121
32122
32123
32125
32126
32127
32128
32129
32130
32131
32132
32133
32135
32136
32137
32138
32139
32150
32151
32152
32153
32155
32156
32157
32158
32159
32160
32161
32162
32163
32165
32166
32167
32168
32169
32170
32171
32172
32173
32175
32176
32177
32178
32179
32180
32181
32182
32183
32185
32186
32187
32188
32189
32190
32191
32192
32193
32195
32196
32197
32198
32199
32200
32201
32202
32203
32205
32206
32207
32208
32209
32210
32211
32212
32213
32215
32216
32217
32218
32219
32220
32221
32222
32223
32225
32226
32227
32228
32229
32230
32231
32232
32233
32235
32236
32237
32238
32239
32250
32251
32252
32253
32255
32256
32257
32258
32259
32260
32261
32262
32263
32265
32266
32267
32268
32269
32270
32271
32272
32273
32275
32276
32277
32278
32279
32280
32281
32282
32283
32285
32286
32287
32288
32289
32290
32291
32292
32293
32295
32296
32297
32298
32299
32300
32301
32302
32303
32305
32306
32307
32308
32309
32310
32311
32312
32313
32315
32316
32317
32318
32319
32320
32321
32322
32323
32325
32326
32327
32328
32329
32330
32331
32332
32333
32335
32336
32337
32338
32339
32350
32351
32352
32353
32355
32356
32357
32358
32359
32360
32361
32362
32363
32365
32366
32367
32368
32369
32370
32371
32372
32373
32375
32376
32377
32378
32379
32380
32381
32382
32383
32385
32386
32387
32388
32389
32390
32391
32392
32393
32395
32396
32397
32398
32399
32500
32501
32502
32503
32505
32506
32507
32508
32509
32510
32511
32512
32513
32515
32516
32517
32518
32519
32520
32521
32522
32523
32525
32526
32527
32528
32529
32530
32531
32532
32533
32535
32536
32537
32538
32539
32550
32551
32552
32553
32555
32556
32557
32558
32559
32560
32561
32562
32563
32565
32566
32567
32568
32569
32570
32571
32572
32573
32575
32576
32577
32578
32579
32580
32581
32582
32583
32585
32586
32587
32588
32589
32590
32591
32592
32593
32595
32596
32597
32598
32599
32600
32601
32602
32603
32605
32606
32607
32608
32609
32610
32611
32612
32613
32615
32616
32617
32618
32619
32620
32621
32622
32623
32625
32626
32627
32628
32629
32630
32631
32632
32633
32635
32636
32637
32638
32639
32650
32651
32652
32653
32655
32656
32657
32658
32659
32660
32661
32662
32663
32665
32666
32667
32668
32669
32670
32671
32672
32673
32675
32676
32677
32678
32679
32680
32681
32682
32683
32685
32686
32687
32688
32689
32690
32691
32692
32693
32695
32696
32697
32698
32699
32700
32701
32702
32703
32705
32706
32707
32708
32709
32710
32711
32712
32713
32715
32716
32717
32718
32719
32720
32721
32722
32723
32725
32726
32727
32728
32729
32730
32731
32732
32733
32735
32736
32737
32738
32739
32750
32751
32752
32753
32755
32756
32757
32758
32759
32760
32761
32762
32763
32765
32766
32767
32768
32769
32770
32771
32772
32773
32775
32776
32777
32778
32779
32780
32781
32782
32783
32785
32786
32787
32788
32789
32790
32791
32792
32793
32795
32796
32797
32798
32799
32800
32801
32802
32803
32805
32806
32807
32808
32809
32810
32811
32812
32813
32815
32816
32817
32818
32819
32820
32821
32822
32823
32825
32826
32827
32828
32829
32830
32831
32832
32833
32835
32836
32837
32838
32839
32850
32851
32852
32853
32855
32856
32857
32858
32859
32860
32861
32862
32863
32865
32866
32867
32868
32869
32870
32871
32872
32873
32875
32876
32877
32878
32879
32880
32881
32882
32883
32885
32886
32887
32888
32889
32890
32891
32892
32893
32895
32896
32897
32898
32899
32900
32901
32902
32903
32905
32906
32907
32908
32909
32910
32911
32912
32913
32915
32916
32917
32918
32919
32920
32921
32922
32923
32925
32926
32927
32928
32929
32930
32931
32932
32933
32935
32936
32937
32938
32939
32950
32951
32952
32953
32955
32956
32957
32958
32959
32960
32961
32962
32963
32965
32966
32967
32968
32969
32970
32971
32972
32973
32975
32976
32977
32978
32979
32980
32981
32982
32983
32985
32986
32987
32988
32989
32990
32991
32992
32993
32995
32996
32997
32998
32999
33000
33001
33002
33003
33005
33006
33007
33008
33009
33010
33011
33012
33013
33015
33016
33017
33018
33019
33020
33021
33022
33023
33025
33026
33027
33028
33029
33030
33031
33032
33033
33035
33036
33037
33038
33039
33050
33051
33052
33053
33055
33056
33057
33058
33059
33060
33061
33062
33063
33065
33066
33067
33068
33069
33070
33071
33072
33073
33075
33076
33077
33078
33079
33080
33081
33082
33083
33085
33086
33087
33088
33089
33090
33091
33092
33093
33095
33096
33097
33098
33099
33100
33101
33102
33103
33105
33106
33107
33108
33109
33110
33111
33112
33113
33115
33116
33117
33118
33119
33120
33121
33122
33123
33125
33126
33127
33128
33129
33130
33131
33132
33133
33135
33136
33137
33138
33139
33150
33151
33152
33153
33155
33156
33157
33158
33159
33160
33161
33162
33163
33165
33166
33167
33168
33169
33170
33171
33172
33173
33175
33176
33177
33178
33179
33180
33181
33182
33183
33185
33186
33187
33188
33189
33190
33191
33192
33193
33195
33196
33197
33198
33199
33200
33201
33202
33203
33205
33206
33207
33208
33209
33210
33211
33212
33213
33215
33216
33217
33218
33219
33220
33221
33222
33223
33225
33226
33227
33228
33229
33230
33231
33232
33233
33235
33236
33237
33238
33239
33250
33251
33252
33253
33255
33256
33257
33258
33259
33260
33261
33262
33263
33265
33266
33267
33268
33269
33270
33271
33272
33273
33275
33276
33277
33278
33279
33280
33281
33282
33283
33285
33286
33287
33288
33289
33290
33291
33292
33293
33295
33296
33297
33298
33299
33300
33301
33302
33303
33305
33306
33307
33308
33309
33310
33311
33312
33313
33315
33316
33317
33318
33319
33320
33321
33322
33323
33325
33326
33327
33328
33329
33330
33331
33332
33333
33335
33336
33337
33338
33339
33350
33351
33352
33353
33355
33356
33357
33358
33359
33360
33361
33362
33363
33365
33366
33367
33368
33369
33370
33371
33372
33373
33375
33376
33377
33378
33379
33380
33381
33382
33383
33385
33386
33387
33388
33389
33390
33391
33392
33393
33395
33396
33397
33398
33399
33500
33501
33502
33503
33505
33506
33507
33508
33509
33510
33511
33512
33513
33515
33516
33517
33518
33519
33520
33521
33522
33523
33525
33526
33527
33528
33529
33530
33531
33532
33533
33535
33536
33537
33538
33539
33550
33551
33552
33553
33555
33556
33557
33558
33559
33560
33561
33562
33563
33565
33566
33567
33568
33569
33570
33571
33572
33573
33575
33576
33577
33578
33579
33580
33581
33582
33583
33585
33586
33587
33588
33589
33590
33591
33592
33593
33595
33596
33597
33598
33599
33600
33601
33602
33603
33605
33606
33607
33608
33609
33610
33611
33612
33613
33615
33616
33617
33618
33619
33620
33621
33622
33623
33625
33626
33627
33628
33629
33630
33631
33632
33633
33635
33636
33637
33638
33639
33650
33651
33652
33653
33655
33656
33657
33658
33659
33660
33661
33662
33663
33665
33666
33667
33668
33669
33670
33671
33672
33673
33675
33676
33677
33678
33679
33680
33681
33682
33683
33685
33686
33687
33688
33689
33690
33691
33692
33693
33695
33696
33697
33698
33699
33700
33701
33702
33703
33705
33706
33707
33708
33709
33710
33711
33712
33713
33715
33716
33717
33718
33719
33720
33721
33722
33723
33725
33726
33727
33728
33729
33730
33731
33732
33733
33735
33736
33737
33738
33739
33750
33751
33752
33753
33755
33756
33757
33758
33759
33760
33761
33762
33763
33765
33766
33767
33768
33769
33770
33771
33772
33773
33775
33776
33777
33778
33779
33780
33781
33782
33783
33785
33786
33787
33788
33789
33790
33791
33792
33793
33795
33796
33797
33798
33799
33800
33801
33802
33803
33805
33806
33807
33808
33809
33810
33811
33812
33813
33815
33816
33817
33818
33819
33820
33821
33822
33823
33825
33826
33827
33828
33829
33830
33831
33832
33833
33835
33836
33837
33838
33839
33850
33851
33852
33853
33855
33856
33857
33858
33859
33860
33861
33862
33863
33865
33866
33867
33868
33869
33870
33871
33872
33873
33875
33876
33877
33878
33879
33880
33881
33882
33883
33885
33886
33887
33888
33889
33890
33891
33892
33893
33895
33896
33897
33898
33899
33900
33901
33902
33903
33905
33906
33907
33908
33909
33910
33911
33912
33913
33915
33916
33917
33918
33919
33920
33921
33922
33923
33925
33926
33927
33928
33929
33930
33931
33932
33933
33935
33936
33937
33938
33939
33950
33951
33952
33953
33955
33956
33957
33958
33959
33960
33961
33962
33963
33965
33966
33967
33968
33969
33970
33971
33972
33973
33975
33976
33977
33978
33979
33980
33981
33982
33983
33985
33986
33987
33988
33989
33990
33991
33992
33993
33995
33996
33997
33998
33999
35000
35001
35002
35003
35005
35006
35007
35008
35009
35010
35011
35012
35013
35015
35016
35017
35018
35019
35020
35021
35022
35023
35025
35026
35027
35028
35029
35030
35031
35032
35033
35035
35036
35037
35038
35039
35050
35051
35052
35053
35055
35056
35057
35058
35059
35060
35061
35062
35063
35065
35066
35067
35068
35069
35070
35071
35072
35073
35075
35076
35077
35078
35079
35080
35081
35082
35083
35085
35086
35087
35088
35089
35090
35091
35092
35093
35095
35096
35097
35098
35099
35100
35101
35102
35103
35105
35106
35107
35108
35109
35110
35111
35112
35113
35115
35116
35117
35118
35119
35120
35121
35122
35123
35125
35126
35127
35128
35129
35130
35131
35132
35133
35135
35136
35137
35138
35139
35150
35151
35152
35153
35155
35156
35157
35158
35159
35160
35161
35162
35163
35165
35166
35167
35168
35169
35170
35171
35172
35173
35175
35176
35177
35178
35179
35180
35181
35182
35183
35185
35186
35187
35188
35189
35190
35191
35192
35193
35195
35196
35197
35198
35199
35200
35201
35202
35203
35205
35206
35207
35208
35209
35210
35211
35212
35213
35215
35216
35217
35218
35219
35220
35221
35222
35223
35225
35226
35227
35228
35229
35230
35231
35232
35233
35235
35236
35237
35238
35239
35250
35251
35252
35253
35255
35256
35257
35258
35259
35260
35261
35262
35263
35265
35266
35267
35268
35269
35270
35271
35272
35273
35275
35276
35277
35278
35279
35280
35281
35282
35283
35285
35286
35287
35288
35289
35290
35291
35292
35293
35295
35296
35297
35298
35299
35300
35301
35302
35303
35305
35306
35307
35308
35309
35310
35311
35312
35313
35315
35316
35317
35318
35319
35320
35321
35322
35323
35325
35326
35327
35328
35329
35330
35331
35332
35333
35335
35336
35337
35338
35339
35350
35351
35352
35353
35355
35356
35357
35358
35359
35360
35361
35362
35363
35365
35366
35367
35368
35369
35370
35371
35372
35373
35375
35376
35377
35378
35379
35380
35381
35382
35383
35385
35386
35387
35388
35389
35390
35391
35392
35393
35395
35396
35397
35398
35399
35500
35501
35502
35503
35505
35506
35507
35508
35509
35510
35511
35512
35513
35515
35516
35517
35518
35519
35520
35521
35522
35523
35525
35526
35527
35528
35529
35530
35531
35532
35533
35535
35536
35537
35538
35539
35550
35551
35552
35553
35555
35556
35557
35558
35559
35560
35561
35562
35563
35565
35566
35567
35568
35569
35570
35571
35572
35573
35575
35576
35577
35578
35579
35580
35581
35582
35583
35585
35586
35587
35588
35589
35590
35591
35592
35593
35595
35596
35597
35598
35599
35600
35601
35602
35603
35605
35606
35607
35608
35609
35610
35611
35612
35613
35615
35616
35617
35618
35619
35620
35621
35622
35623
35625
35626
35627
35628
35629
35630
35631
35632
35633
35635
35636
35637
35638
35639
35650
35651
35652
35653
35655
35656
35657
35658
35659
35660
35661
35662
35663
35665
35666
35667
35668
35669
35670
35671
35672
35673
35675
35676
35677
35678
35679
35680
35681
35682
35683
35685
35686
35687
35688
35689
35690
35691
35692
35693
35695
35696
35697
35698
35699
35700
35701
35702
35703
35705
35706
35707
35708
35709
35710
35711
35712
35713
35715
35716
35717
35718
35719
35720
35721
35722
35723
35725
35726
35727
35728
35729
35730
35731
35732
35733
35735
35736
35737
35738
35739
35750
35751
35752
35753
35755
35756
35757
35758
35759
35760
35761
35762
35763
35765
35766
35767
35768
35769
35770
35771
35772
35773
35775
35776
35777
35778
35779
35780
35781
35782
35783
35785
35786
35787
35788
35789
35790
35791
35792
35793
35795
35796
35797
35798
35799
35800
35801
35802
35803
35805
35806
35807
35808
35809
35810
35811
35812
35813
35815
35816
35817
35818
35819
35820
35821
35822
35823
35825
35826
35827
35828
35829
35830
35831
35832
35833
35835
35836
35837
35838
35839
35850
35851
35852
35853
35855
35856
35857
35858
35859
35860
35861
35862
35863
35865
35866
35867
35868
35869
35870
35871
35872
35873
35875
35876
35877
35878
35879
35880
35881
35882
35883
35885
35886
35887
35888
35889
35890
35891
35892
35893
35895
35896
35897
35898
35899
35900
35901
35902
35903
35905
35906
35907
35908
35909
35910
35911
35912
35913
35915
35916
35917
35918
35919
35920
35921
35922
35923
35925
35926
35927
35928
35929
35930
35931
35932
35933
35935
35936
35937
35938
35939
35950
35951
35952
35953
35955
35956
35957
35958
35959
35960
35961
35962
35963
35965
35966
35967
35968
35969
35970
35971
35972
35973
35975
35976
35977
35978
35979
35980
35981
35982
35983
35985
35986
35987
35988
35989
35990
35991
35992
35993
35995
35996
35997
35998
35999
36000
36001
36002
36003
36005
36006
36007
36008
36009
36010
36011
36012
36013
36015
36016
36017
36018
36019
36020
36021
36022
36023
36025
36026
36027
36028
36029
36030
36031
36032
36033
36035
36036
36037
36038
36039
36050
36051
36052
36053
36055
36056
36057
36058
36059
36060
36061
36062
36063
36065
36066
36067
36068
36069
36070
36071
36072
36073
36075
36076
36077
36078
36079
36080
36081
36082
36083
36085
36086
36087
36088
36089
36090
36091
36092
36093
36095
36096
36097
36098
36099
36100
36101
36102
36103
36105
36106
36107
36108
36109
36110
36111
36112
36113
36115
36116
36117
36118
36119
36120
36121
36122
36123
36125
36126
36127
36128
36129
36130
36131
36132
36133
36135
36136
36137
36138
36139
36150
36151
36152
36153
36155
36156
36157
36158
36159
36160
36161
36162
36163
36165
36166
36167
36168
36169
36170
36171
36172
36173
36175
36176
36177
36178
36179
36180
36181
36182
36183
36185
36186
36187
36188
36189
36190
36191
36192
36193
36195
36196
36197
36198
36199
36200
36201
36202
36203
36205
36206
36207
36208
36209
36210
36211
36212
36213
36215
36216
36217
36218
36219
36220
36221
36222
36223
36225
36226
36227
36228
36229
36230
36231
36232
36233
36235
36236
36237
36238
36239
36250
36251
36252
36253
36255
36256
36257
36258
36259
36260
36261
36262
36263
36265
36266
36267
36268
36269
36270
36271
36272
36273
36275
36276
36277
36278
36279
36280
36281
36282
36283
36285
36286
36287
36288
36289
36290
36291
36292
36293
36295
36296
36297
36298
36299
36300
36301
36302
36303
36305
36306
36307
36308
36309
36310
36311
36312
36313
36315
36316
36317
36318
36319
36320
36321
36322
36323
36325
36326
36327
36328
36329
36330
36331
36332
36333
36335
36336
36337
36338
36339
36350
36351
36352
36353
36355
36356
36357
36358
36359
36360
36361
36362
36363
36365
36366
36367
36368
36369
36370
36371
36372
36373
36375
36376
36377
36378
36379
36380
36381
36382
36383
36385
36386
36387
36388
36389
36390
36391
36392
36393
36395
36396
36397
36398
36399
36500
36501
36502
36503
36505
36506
36507
36508
36509
36510
36511
36512
36513
36515
36516
36517
36518
36519
36520
36521
36522
36523
36525
36526
36527
36528
36529
36530
36531
36532
36533
36535
36536
36537
36538
36539
36550
36551
36552
36553
36555
36556
36557
36558
36559
36560
36561
36562
36563
36565
36566
36567
36568
36569
36570
36571
36572
36573
36575
36576
36577
36578
36579
36580
36581
36582
36583
36585
36586
36587
36588
36589
36590
36591
36592
36593
36595
36596
36597
36598
36599
36600
36601
36602
36603
36605
36606
36607
36608
36609
36610
36611
36612
36613
36615
36616
36617
36618
36619
36620
36621
36622
36623
36625
36626
36627
36628
36629
36630
36631
36632
36633
36635
36636
36637
36638
36639
36650
36651
36652
36653
36655
36656
36657
36658
36659
36660
36661
36662
36663
36665
36666
36667
36668
36669
36670
36671
36672
36673
36675
36676
36677
36678
36679
36680
36681
36682
36683
36685
36686
36687
36688
36689
36690
36691
36692
36693
36695
36696
36697
36698
36699
36700
36701
36702
36703
36705
36706
36707
36708
36709
36710
36711
36712
36713
36715
36716
36717
36718
36719
36720
36721
36722
36723
36725
36726
36727
36728
36729
36730
36731
36732
36733
36735
36736
36737
36738
36739
36750
36751
36752
36753
36755
36756
36757
36758
36759
36760
36761
36762
36763
36765
36766
36767
36768
36769
36770
36771
36772
36773
36775
36776
36777
36778
36779
36780
36781
36782
36783
36785
36786
36787
36788
36789
36790
36791
36792
36793
36795
36796
36797
36798
36799
36800
36801
36802
36803
36805
36806
36807
36808
36809
36810
36811
36812
36813
36815
36816
36817
36818
36819
36820
36821
36822
36823
36825
36826
36827
36828
36829
36830
36831
36832
36833
36835
36836
36837
36838
36839
36850
36851
36852
36853
36855
36856
36857
36858
36859
36860
36861
36862
36863
36865
36866
36867
36868
36869
36870
36871
36872
36873
36875
36876
36877
36878
36879
36880
36881
36882
36883
36885
36886
36887
36888
36889
36890
36891
36892
36893
36895
36896
36897
36898
36899
36900
36901
36902
36903
36905
36906
36907
36908
36909
36910
36911
36912
36913
36915
36916
36917
36918
36919
36920
36921
36922
36923
36925
36926
36927
36928
36929
36930
36931
36932
36933
36935
36936
36937
36938
36939
36950
36951
36952
36953
36955
36956
36957
36958
36959
36960
36961
36962
36963
36965
36966
36967
36968
36969
36970
36971
36972
36973
36975
36976
36977
36978
36979
36980
36981
36982
36983
36985
36986
36987
36988
36989
36990
36991
36992
36993
36995
36996
36997
36998
36999
37000
37001
37002
37003
37005
37006
37007
37008
37009
37010
37011
37012
37013
37015
37016
37017
37018
37019
37020
37021
37022
37023
37025
37026
37027
37028
37029
37030
37031
37032
37033
37035
37036
37037
37038
37039
37050
37051
37052
37053
37055
37056
37057
37058
37059
37060
37061
37062
37063
37065
37066
37067
37068
37069
37070
37071
37072
37073
37075
37076
37077
37078
37079
37080
37081
37082
37083
37085
37086
37087
37088
37089
37090
37091
37092
37093
37095
37096
37097
37098
37099
37100
37101
37102
37103
37105
37106
37107
37108
37109
37110
37111
37112
37113
37115
37116
37117
37118
37119
37120
37121
37122
37123
37125
37126
37127
37128
37129
37130
37131
37132
37133
37135
37136
37137
37138
37139
37150
37151
37152
37153
37155
37156
37157
37158
37159
37160
37161
37162
37163
37165
37166
37167
37168
37169
37170
37171
37172
37173
37175
37176
37177
37178
37179
37180
37181
37182
37183
37185
37186
37187
37188
37189
37190
37191
37192
37193
37195
37196
37197
37198
37199
37200
37201
37202
37203
37205
37206
37207
37208
37209
37210
37211
37212
37213
37215
37216
37217
37218
37219
37220
37221
37222
37223
37225
37226
37227
37228
37229
37230
37231
37232
37233
37235
37236
37237
37238
37239
37250
37251
37252
37253
37255
37256
37257
37258
37259
37260
37261
37262
37263
37265
37266
37267
37268
37269
37270
37271
37272
37273
37275
37276
37277
37278
37279
37280
37281
37282
37283
37285
37286
37287
37288
37289
37290
37291
37292
37293
37295
37296
37297
37298
37299
37300
37301
37302
37303
37305
37306
37307
37308
37309
37310
37311
37312
37313
37315
37316
37317
37318
37319
37320
37321
37322
37323
37325
37326
37327
37328
37329
37330
37331
37332
37333
37335
37336
37337
37338
37339
37350
37351
37352
37353
37355
37356
37357
37358
37359
37360
37361
37362
37363
37365
37366
37367
37368
37369
37370
37371
37372
37373
37375
37376
37377
37378
37379
37380
37381
37382
37383
37385
37386
37387
37388
37389
37390
37391
37392
37393
37395
37396
37397
37398
37399
37500
37501
37502
37503
37505
37506
37507
37508
37509
37510
37511
37512
37513
37515
37516
37517
37518
37519
37520
37521
37522
37523
37525
37526
37527
37528
37529
37530
37531
37532
37533
37535
37536
37537
37538
37539
37550
37551
37552
37553
37555
37556
37557
37558
37559
37560
37561
37562
37563
37565
37566
37567
37568
37569
37570
37571
37572
37573
37575
37576
37577
37578
37579
37580
37581
37582
37583
37585
37586
37587
37588
37589
37590
37591
37592
37593
37595
37596
37597
37598
37599
37600
37601
37602
37603
37605
37606
37607
37608
37609
37610
37611
37612
37613
37615
37616
37617
37618
37619
37620
37621
37622
37623
37625
37626
37627
37628
37629
37630
37631
37632
37633
37635
37636
37637
37638
37639
37650
37651
37652
37653
37655
37656
37657
37658
37659
37660
37661
37662
37663
37665
37666
37667
37668
37669
37670
37671
37672
37673
37675
37676
37677
37678
37679
37680
37681
37682
37683
37685
37686
37687
37688
37689
37690
37691
37692
37693
37695
37696
37697
37698
37699
37700
37701
37702
37703
37705
37706
37707
37708
37709
37710
37711
37712
37713
37715
37716
37717
37718
37719
37720
37721
37722
37723
37725
37726
37727
37728
37729
37730
37731
37732
37733
37735
37736
37737
37738
37739
37750
37751
37752
37753
37755
37756
37757
37758
37759
37760
37761
37762
37763
37765
37766
37767
37768
37769
37770
37771
37772
37773
37775
37776
37777
37778
37779
37780
37781
37782
37783
37785
37786
37787
37788
37789
37790
37791
37792
37793
37795
37796
37797
37798
37799
37800
37801
37802
37803
37805
37806
37807
37808
37809
37810
37811
37812
37813
37815
37816
37817
37818
37819
37820
37821
37822
37823
37825
37826
37827
37828
37829
37830
37831
37832
37833
37835
37836
37837
37838
37839
37850
37851
37852
37853
37855
37856
37857
37858
37859
37860
37861
37862
37863
37865
37866
37867
37868
37869
37870
37871
37872
37873
37875
37876
37877
37878
37879
37880
37881
37882
37883
37885
37886
37887
37888
37889
37890
37891
37892
37893
37895
37896
37897
37898
37899
37900
37901
37902
37903
37905
37906
37907
37908
37909
37910
37911
37912
37913
37915
37916
37917
37918
37919
37920
37921
37922
37923
37925
37926
37927
37928
37929
37930
37931
37932
37933
37935
37936
37937
37938
37939
37950
37951
37952
37953
37955
37956
37957
37958
37959
37960
37961
37962
37963
37965
37966
37967
37968
37969
37970
37971
37972
37973
37975
37976
37977
37978
37979
37980
37981
37982
37983
37985
37986
37987
37988
37989
37990
37991
37992
37993
37995
37996
37997
37998
37999
38000
38001
38002
38003
38005
38006
38007
38008
38009
38010
38011
38012
38013
38015
38016
38017
38018
38019
38020
38021
38022
38023
38025
38026
38027
38028
38029
38030
38031
38032
38033
38035
38036
38037
38038
38039
38050
38051
38052
38053
38055
38056
38057
38058
38059
38060
38061
38062
38063
38065
38066
38067
38068
38069
38070
38071
38072
38073
38075
38076
38077
38078
38079
38080
38081
38082
38083
38085
38086
38087
38088
38089
38090
38091
38092
38093
38095
38096
38097
38098
38099
38100
38101
38102
38103
38105
38106
38107
38108
38109
38110
38111
38112
38113
38115
38116
38117
38118
38119
38120
38121
38122
38123
38125
38126
38127
38128
38129
38130
38131
38132
38133
38135
38136
38137
38138
38139
38150
38151
38152
38153
38155
38156
38157
38158
38159
38160
38161
38162
38163
38165
38166
38167
38168
38169
38170
38171
38172
38173
38175
38176
38177
38178
38179
38180
38181
38182
38183
38185
38186
38187
38188
38189
38190
38191
38192
38193
38195
38196
38197
38198
38199
38200
38201
38202
38203
38205
38206
38207
38208
38209
38210
38211
38212
38213
38215
38216
38217
38218
38219
38220
38221
38222
38223
38225
38226
38227
38228
38229
38230
38231
38232
38233
38235
38236
38237
38238
38239
38250
38251
38252
38253
38255
38256
38257
38258
38259
38260
38261
38262
38263
38265
38266
38267
38268
38269
38270
38271
38272
38273
38275
38276
38277
38278
38279
38280
38281
38282
38283
38285
38286
38287
38288
38289
38290
38291
38292
38293
38295
38296
38297
38298
38299
38300
38301
38302
38303
38305
38306
38307
38308
38309
38310
38311
38312
38313
38315
38316
38317
38318
38319
38320
38321
38322
38323
38325
38326
38327
38328
38329
38330
38331
38332
38333
38335
38336
38337
38338
38339
38350
38351
38352
38353
38355
38356
38357
38358
38359
38360
38361
38362
38363
38365
38366
38367
38368
38369
38370
38371
38372
38373
38375
38376
38377
38378
38379
38380
38381
38382
38383
38385
38386
38387
38388
38389
38390
38391
38392
38393
38395
38396
38397
38398
38399
38500
38501
38502
38503
38505
38506
38507
38508
38509
38510
38511
38512
38513
38515
38516
38517
38518
38519
38520
38521
38522
38523
38525
38526
38527
38528
38529
38530
38531
38532
38533
38535
38536
38537
38538
38539
38550
38551
38552
38553
38555
38556
38557
38558
38559
38560
38561
38562
38563
38565
38566
38567
38568
38569
38570
38571
38572
38573
38575
38576
38577
38578
38579
38580
38581
38582
38583
38585
38586
38587
38588
38589
38590
38591
38592
38593
38595
38596
38597
38598
38599
38600
38601
38602
38603
38605
38606
38607
38608
38609
38610
38611
38612
38613
38615
38616
38617
38618
38619
38620
38621
38622
38623
38625
38626
38627
38628
38629
38630
38631
38632
38633
38635
38636
38637
38638
38639
38650
38651
38652
38653
38655
38656
38657
38658
38659
38660
38661
38662
38663
38665
38666
38667
38668
38669
38670
38671
38672
38673
38675
38676
38677
38678
38679
38680
38681
38682
38683
38685
38686
38687
38688
38689
38690
38691
38692
38693
38695
38696
38697
38698
38699
38700
38701
38702
38703
38705
38706
38707
38708
38709
38710
38711
38712
38713
38715
38716
38717
38718
38719
38720
38721
38722
38723
38725
38726
38727
38728
38729
38730
38731
38732
38733
38735
38736
38737
38738
38739
38750
38751
38752
38753
38755
38756
38757
38758
38759
38760
38761
38762
38763
38765
38766
38767
38768
38769
38770
38771
38772
38773
38775
38776
38777
38778
38779
38780
38781
38782
38783
38785
38786
38787
38788
38789
38790
38791
38792
38793
38795
38796
38797
38798
38799
38800
38801
38802
38803
38805
38806
38807
38808
38809
38810
38811
38812
38813
38815
38816
38817
38818
38819
38820
38821
38822
38823
38825
38826
38827
38828
38829
38830
38831
38832
38833
38835
38836
38837
38838
38839
38850
38851